loss_MSE = [0.021724417805671692, 0.0025424554478377104, 0.002179275266826153, 0.0017054099589586258, 0.007122601382434368, 0.0023105957079678774, 0.0019434099085628986, 0.0016599723603576422, 0.0022660281974822283, 0.0016413630219176412, 0.0015163876814767718, 0.0014969016192480922, 0.0018009700579568744, 0.00141600938513875, 0.0013920617057010531, 0.0013763366732746363, 0.0013837275328114629, 0.0013589594746008515, 0.001346991746686399, 0.0010421356419101357, 0.0006529185920953751, 0.0006156849558465183, 0.0005626538768410683, 0.0005748510011471808, 0.0005595825496129692, 0.0006834361702203751, 0.0005705260555259883, 0.0005927447928115726, 0.0005769034032709897, 0.0005901905242353678, 0.0006215685280039907, 0.000572031072806567, 0.0008270438993349671, 0.0006176692550070584, 0.0005508745089173317, 0.0005375100299715996, 0.0005362991942092776, 0.0005455513601191342, 0.0005459919339045882, 0.0005542563158087432, 0.0005393547471612692, 0.0005193998804315925, 0.0005272976122796535, 0.0005220555467531085, 0.0010608204174786806, 0.0006331833428703249, 0.000656172982417047, 0.0005452048499137163, 0.0005285959341563284, 0.0005256449221633375, 0.0005089364713057876, 0.000508135708514601, 0.000507525575812906, 0.0004980170633643866, 0.0004923702217638493, 0.0004990714369341731, 0.0004992096801288426, 0.0004972894093953073, 0.0004919844795949757, 0.0005122417933307588, 0.0005100885755382478, 0.0005040702526457608, 0.0005105161108076572, 0.0005023583653382957, 0.0005002417019568384, 0.0004998876829631627, 0.0005020587705075741, 0.0005258684977889061, 0.0004970327718183398, 0.000492932100314647, 0.0004948030109517276, 0.0004915439058095217, 0.0004876893654000014, 0.0005055019864812493, 0.0004987078718841076, 0.0005135480314493179, 0.000487450510263443, 0.0004841136105824262, 0.00048012242768891156, 0.00048287026584148407, 0.00048630472156219184, 0.00048185401828959584, 0.00047586028813384473, 0.00046927339280955493, 0.0005019737291149795, 0.00048248458188027143, 0.0004994883202016354, 0.0005191603559069335, 0.0005046583246439695, 0.0004888601833954453, 0.0004915933241136372, 0.0004836572625208646, 0.00047154974890872836, 0.0004652483039535582, 0.0004575905913952738, 0.0004702199366874993, 0.0004677934921346605, 0.0004496720794122666, 0.00044866971438750625, 0.0004553362086880952, 0.0006474917172454298, 0.0005880996468476951, 0.000502640672493726, 0.00048185273772105575, 0.000470061058877036, 0.0004553311737254262, 0.00045937037793919444, 0.00044850888662040234, 0.00043544001528061926, 0.0004371847026050091, 0.00043718129745684564, 0.0004400202014949173, 0.000446046469733119, 0.0006636598845943809, 0.0005664125201292336, 0.0005098614492453635, 0.0005265785148367286, 0.00048703450011089444, 0.0004644639266189188, 0.0004513344611041248, 0.0004487383703235537, 0.0004531965823844075, 0.0004635262303054333, 0.0004415653820615262, 0.0004216165980324149, 0.0004143585974816233, 0.00041442192741669714, 0.00040761774289421737, 0.0004048484843224287, 0.00039979585562832654, 0.00039583127363584936, 0.00039903531433083117, 0.0003899721777997911, 0.0003932229010388255, 0.00039122538873925805, 0.0003845314495265484, 0.0003771143965423107, 0.0003717239305842668, 0.00036741094663739204, 0.00035941984970122576, 0.0003597650211304426, 0.00035652026417665184, 0.00035773139097727835, 0.0003473428660072386, 0.00034444627817720175, 0.0003422912850510329, 0.00032836542231962085, 0.0003357911773491651, 0.00031679231324233115, 0.0003148030664306134, 0.0003039032453671098, 0.0002993181988131255, 0.0002898567181546241, 0.0002829844306688756, 0.000268953648628667, 0.0002741219359450042, 0.00028612310416065156, 0.0002912401978392154, 0.0002683464845176786, 0.00028599670622497797, 0.00025759325944818556, 0.00025371185620315373, 0.00023998069809749722, 0.00024051046057138592, 0.0002614140685182065, 0.00024808821035549045, 0.0002243465860374272, 0.00021938123973086476, 0.00021725613623857498, 0.00025396293494850397, 0.0002453303022775799, 0.00024556354037486017, 0.0002149039355572313, 0.0002567241317592561, 0.00021870019554626197, 0.00024166333605535328, 0.00021744074183516204, 0.00020255069830454886, 0.00020080390095245093, 0.0002050040493486449, 0.0001901868381537497, 0.00018580134201329201, 0.0001735872501740232, 0.00017895895871333778, 0.00021306304552126676, 0.00017848813149612397, 0.0001798821467673406, 0.00016636052168905735, 0.00016527831030543894, 0.00016842006880324334, 0.00015370231994893402, 0.00015248100680764765, 0.00019777573470491916, 0.00016589107690379024, 0.00014792672300245613, 0.0001541013625683263, 0.0001585950521985069, 0.00024644029326736927, 0.00017954253416974097, 0.00015924658509902656];
